[[0.42979835969131835, 0.37808965744261536, 0.1921119828660663], [0.37511663472884743, 0.2553565469404149, 0.36952681833073764], [0.4036356819618625, 0.315714782905118, 0.2806495351330195], [0.3652487806764598, 0.3821761820114848, 0.2525750373120554], [0.3693961475334853, 0.37790882776180335, 0.2526950247047113], [0.406503565787466, 0.33727098994016674, 0.2562254442723674], [0.3894160717331112, 0.34470259294352074, 0.26588133532336805], [0.38794125679371033, 0.3249612155082531, 0.2870975276980366], [0.40356219224958273, 0.3734188590607484, 0.22301894868966887], [0.3901653234941423, 0.3551007977888364, 0.2547338787170213], [0.3590377592514018, 0.3936179719047967, 0.2473442688438015], [0.34298857493921525, 0.40829211568048834, 0.24871930938029638], [0.3879944718171446, 0.3990583735926916, 0.21294715459016375], [0.3792982655149125, 0.2753421573684611, 0.3453595771166263], [0.3886444781361474, 0.2586968194915984, 0.35265870237225416], [0.3641600119816606, 0.24729949508068488, 0.38854049293765447], [0.32437971808031474, 0.17932015788516267, 0.4963001240345226], [0.30390755283031085, 0.2130306306658306, 0.4830618165038587], [0.3769843915272967, 0.19777227283157447, 0.4252433356411288], [0.36672323154209086, 0.22970362856533896, 0.40357313989257027], [0.36188956838118175, 0.2544281563276007, 0.38368227529121757], [0.35827900031396837, 0.31313756555677846, 0.3285834341292531], [0.33255595397047416, 0.341450260788662, 0.3259937852408639], [0.3844118749051889, 0.27493926040424627, 0.3406488646905649], [0.4002008315082989, 0.26821970712913934, 0.33157946136256167], [0.37992752566587873, 0.256701256882695, 0.36337121745142625], [0.38476189347937834, 0.2881919674247184, 0.32704613909590324], [0.3832368749294869, 0.29070490736030286, 0.3260582177102103], [0.3628110995026265, 0.3334337787127694, 0.30375512178460407], [0.355611639253915, 0.3435315799619369, 0.30085678078414807], [0.3634769400458855, 0.3685305890571293, 0.2679924708969853], [0.3634145190509119, 0.3375603301386458, 0.29902515081044234], [0.37093352136277546, 0.36745685827489694, 0.2616096203623276], [0.3750748238872579, 0.363497066904832, 0.26142810920791004], [0.440676735713214, 0.29128297938118, 0.26804028490560594], [0.37855965813956693, 0.31830138083440307, 0.30313896102603005], [0.4250749870509318, 0.3013230352225604, 0.2736019777265079], [0.39909675968173297, 0.30602310686592255, 0.29488013345234443], [0.39059806392464136, 0.3406668215422642, 0.26873511453309434], [0.4073586080358503, 0.3226731511472762, 0.26996824081687354], [0.40916057855145116, 0.2801221402128227, 0.31071728123572606], [0.3728269285366366, 0.27726053936254336, 0.34991253210081996], [0.36880665891960623, 0.3012930257646758, 0.329900315315718], [0.3839566451832506, 0.29498551395344313, 0.32105784086330624], [0.3313660096652405, 0.3853961935002896, 0.2832377968344699], [0.35984824340894994, 0.3749722565506132, 0.26517950004043683], [0.37715565681456803, 0.34078995656403976, 0.2820543866213921], [0.3793170362404214, 0.3186444134933389, 0.30203855026623966], [0.36313771761285973, 0.2947224988514436, 0.34213978353569674], [0.3785258784852464, 0.29727620428307566, 0.3241979172316779], [0.34433608794686466, 0.3922786563075689, 0.2633852557455663], [0.3560097142941837, 0.3724465267183155, 0.2715437589875007], [0.3569261756043108, 0.37232674941739835, 0.27074707497829076], [0.34867426363517645, 0.3791706991067928, 0.27215503725803075], [0.35521631649901253, 0.3544415214682951, 0.29034216203269236], [0.3702714736296837, 0.3636627773972681, 0.26606574897304813], [0.45491661154981405, 0.23602248174360194, 0.309060906706584], [0.39412369289423277, 0.29141662936709234, 0.3144596777386749], [0.3742600243559538, 0.30070661932302933, 0.3250333563210169], [0.37388096303721147, 0.3577841012889434, 0.26833493567384503], [0.4093431047946338, 0.31350630681244335, 0.2771505883929229], [0.4177732475916389, 0.32356769814682473, 0.25865905426153624], [0.40714234632965046, 0.3161474150770687, 0.27671023859328076], [0.39399399504628035, 0.30872154112526784, 0.29728446382845175], [0.36730076437641956, 0.3816040971432917, 0.25109513848028875], [0.37576889877003977, 0.33876498266458127, 0.28546611856537885], [0.3517201204775845, 0.3678001967254132, 0.28047968279700247], [0.3877682962721527, 0.35249935334719446, 0.2597323503806528], [0.43227703907057313, 0.3069992208049934, 0.2607237401244335], [0.42628736681189566, 0.318356943409504, 0.2553556897786004], [0.4154268646537801, 0.33083843161930293, 0.25373470372691703], [0.35834537404137823, 0.40420159280721824, 0.2374530331514035], [0.3410743865639623, 0.4190576328355311, 0.23986798060050651], [0.34282246694810214, 0.4006170126200408, 0.25656052043185706], [0.3827289783605819, 0.3349328649548276, 0.2823381566845905], [0.40143656162764174, 0.3058191242478351, 0.2927443141245231], [0.4275683241827642, 0.28228711128418327, 0.29014456453305254], [0.3779767310807726, 0.3558738109796368, 0.26614945793959055], [0.38021414562672806, 0.38595162104865993, 0.2338342333246119], [0.3833560367897353, 0.3552181832049903, 0.26142578000527433], [0.400328052034685, 0.3202073954785331, 0.27946455248678187], [0.45638107075285234, 0.296631759081905, 0.24698717016524263], [0.45249719105960173, 0.2980720989460991, 0.24943070999429912], [0.3980464836841154, 0.3680900008041694, 0.23386351551171522], [0.40648062705063415, 0.34520449415596965, 0.2483148787933963], [0.3997290926952263, 0.32517010385722844, 0.2751008034475453], [0.3748889646290568, 0.34592040668489116, 0.27919062868605204], [0.40566199006758574, 0.3126810218296701, 0.281656988102744], [0.47888605893277814, 0.18701851584622503, 0.33409542522099683], [0.3915851450859025, 0.23534485927550808, 0.37306999563858956], [0.3625692392502229, 0.2664151294054763, 0.3710156313443008], [0.3283792702021299, 0.26398132371933847, 0.40763940607853155], [0.3430887803288922, 0.33950418000449484, 0.31740703966661293], [0.3746454217263797, 0.3296505276200006, 0.29570405065361977], [0.3430813667949967, 0.33135287474995234, 0.32556575845505104], [0.34445176803624195, 0.38495500945838435, 0.2705932225053737], [0.35761249308268317, 0.37554908727349706, 0.26683841964381977], [0.35425928343233787, 0.39152789599242843, 0.25421282057523376], [0.3649679737034575, 0.3814089338120822, 0.2536230924844602], [0.38918275232928834, 0.3559435384369274, 0.2548737092337843], [0.34147784720867025, 0.38803527082348666, 0.2704868819678431], [0.3860649840514282, 0.34389299828086795, 0.27004201766770386], [0.36537348743053133, 0.3964939545549189, 0.2381325580145497], [0.39993457118407283, 0.30703050197128323, 0.293034926844644], [0.38890955051037174, 0.3528999939650477, 0.25819045552458064], [0.34921515311950324, 0.35502307428742946, 0.29576177259306724], [0.3717576101898635, 0.29349942529786144, 0.33474296451227503], [0.3281662167769165, 0.2120510748242523, 0.4597827083988313], [0.2919630761981133, 0.2561422766135455, 0.45189464718834116], [0.42041492161865457, 0.18157851925819254, 0.3980065591231529], [0.4287596650673328, 0.16952626644564261, 0.4017140684870245], [0.43250332672801034, 0.1794732097018996, 0.38802346357009], [0.3443229697488279, 0.2407272117768144, 0.4149498184743576], [0.3938503549745309, 0.22529723924135575, 0.3808524057841134], [0.3559104184636459, 0.26398799299763814, 0.38010158853871584], [0.3337930482490871, 0.3286757390181437, 0.3375312127327692], [0.36158759519165024, 0.3061491649287209, 0.3322632398796288], [0.30540627093597406, 0.15891735930561182, 0.5356763697584142], [0.23822166907154282, 0.06490724679332033, 0.6968710841351369], [0.3020006048438181, 0.35407214495451783, 0.3439272502016641], [0.2956594392737611, 0.29437412313750155, 0.4099664375887374], [0.31701613764491504, 0.25274564523801213, 0.43023821711707283], [0.3373771695770834, 0.1801361041863885, 0.48248672623652805], [0.31377943339937925, 0.2852242247231732, 0.4009963418774475], [0.3152230279537129, 0.24681106425190616, 0.4379659077943809], [0.3316781703159556, 0.22295964362907827, 0.4453621860549662], [0.27256881171581965, 0.42770256028169645, 0.2997286280024838], [0.26964065574327273, 0.349683817896654, 0.38067552636007324], [0.2861991600997619, 0.35956418885825425, 0.3542366510419838], [0.2977351807674272, 0.3307030330650853, 0.3715617861674874], [0.3119571049389762, 0.3629291508600737, 0.32511374420095], [0.33738365994109004, 0.32189977483835575, 0.34071656522055427], [0.2514091870992799, 0.4428074243793999, 0.3057833885213201], [0.23965998214773995, 0.3687675786084236, 0.3915724392438366], [0.2729925575875463, 0.32152659326021904, 0.40548084915223465], [0.3071108984242299, 0.1926235655565598, 0.5002655360192104], [0.3463628919955381, 0.16052585916432532, 0.49311124884013663], [0.3691492354447665, 0.27663024052055224, 0.35422052403468124], [0.2604230858203796, 0.4596838847599228, 0.2798930294196975], [0.33626645596544047, 0.35358749575132653, 0.310146048283233], [0.3058186000376979, 0.2722899813962155, 0.42189141856608653], [0.37386120145540735, 0.2300789018073822, 0.3960598967372105], [0.3498015610157368, 0.3321759358441978, 0.31802250314006536], [0.3811386845963215, 0.33378897725639683, 0.2850723381472817], [0.32357976470177646, 0.4062987582695423, 0.2701214770286813], [0.33558166015917706, 0.3852698094598368, 0.27914853038098625], [0.31825780823227634, 0.44609876081627925, 0.23564343095144444], [0.34283293462773085, 0.31927598373091653, 0.3378910816413526], [0.3281017023472433, 0.3907312755894713, 0.28116702206328553], [0.35462956729157885, 0.3922929315401679, 0.25307750116825334], [0.25947621152682654, 0.5078866470546215, 0.23263714141855182], [0.3232401590911346, 0.4418913372383175, 0.23486850367054785], [0.31937472903399594, 0.4290525236668421, 0.251572747299162], [0.2950290683694389, 0.4831514606935286, 0.22181947093703253], [0.31136935128664966, 0.49014133840201546, 0.19848931031133488], [0.2996642457194406, 0.5074971168020371, 0.19283863747852226], [0.3414978445351305, 0.41479626108712153, 0.24370589437774806], [0.27922316406376924, 0.5172652518768929, 0.20351158405933784], [0.30054272711203733, 0.5017489721752648, 0.197708300712698], [0.2849268927358045, 0.513686929193293, 0.20138617807090253], [0.27970738501171855, 0.5200103456049741, 0.2002822693833074], [0.31168040951831477, 0.4456905099608744, 0.24262908052081084], [0.26478577161333167, 0.5627325681578292, 0.17248166022883915], [0.3747245935875854, 0.379796746228321, 0.2454786601840935], [0.3084814368778859, 0.3558325944419438, 0.33568596868017037], [0.3563520015155461, 0.3271376913490052, 0.31651030713544875], [0.33380108812011494, 0.3785554193844663, 0.28764349249541876], [0.27031108409268007, 0.5327740156727433, 0.19691490023457658], [0.2771491512167805, 0.5240368975909332, 0.19881395119228634], [0.25952159292427734, 0.5521357638469321, 0.1883426432287906], [0.29529198956723834, 0.514611613939934, 0.19009639649282759], [0.2641013454845563, 0.546707868401595, 0.18919078611384874], [0.3263971392813115, 0.4683289025431048, 0.20527395817558378], [0.3186785473863264, 0.48806201750199213, 0.1932594351116815], [0.2944267267423571, 0.4854273236284488, 0.22014594962919407], [0.32277949078318363, 0.4527386908620401, 0.22448181835477632], [0.26707524962676066, 0.5481329074345236, 0.18479184293871584], [0.26862579799066993, 0.5586483397590253, 0.1727258622503047], [0.2657072402808982, 0.5392636352045471, 0.19502912451455467], [0.3466460598381776, 0.44749207790613954, 0.20586186225568284], [0.32553657733348185, 0.4711352422473806, 0.20332818041913756], [0.22442569236970128, 0.5605266269898372, 0.2150476806404615], [0.2649398237249928, 0.5578043077259388, 0.17725586854906847], [0.28266792257144846, 0.5444503989974628, 0.17288167843108862], [0.29259536270971026, 0.5112046921869562, 0.19619994510333344], [0.2824808817681663, 0.5138442482747215, 0.20367486995711215], [0.3593752533223195, 0.42756287920674296, 0.2130618674709375], [0.2681794420612778, 0.5088444585115137, 0.22297609942720842], [0.3036828396050356, 0.46893333682364685, 0.22738382357131753], [0.3367850969958707, 0.44069127149117177, 0.22252363151295754], [0.3137609076807872, 0.4469330711412502, 0.23930602117796262], [0.32892826742677334, 0.4306548223321051, 0.24041691024112163], [0.33697901623529963, 0.3922494223254791, 0.2707715614392211], [0.3396728463721631, 0.42394668204482544, 0.23638047158301137], [0.2866487921735131, 0.5093525494372739, 0.20399865838921297], [0.2945841340474569, 0.42831010477745335, 0.27710576117508967], [0.2340227858450847, 0.5038729228523455, 0.2621042913025698], [0.2515557127052672, 0.4934682893537802, 0.2549759979409526], [0.28348176013468607, 0.4559283450968487, 0.2605898947684652], [0.26161231828820064, 0.4736206699600745, 0.26476701175172485], [0.2861165709965434, 0.49060602412519544, 0.22327740487826117], [0.327739271468482, 0.4232225968497995, 0.24903813168171857], [0.2512818189576028, 0.5290268031599296, 0.21969137788246754], [0.277457627504512, 0.48684989462362294, 0.23569247787186512], [0.2383135957040742, 0.5419462362704466, 0.21974016802547913], [0.2689173245053509, 0.5145806355257111, 0.21650203996893802], [0.289786249297101, 0.47986912798728026, 0.23034462271561856], [0.2739891834889206, 0.3836727608651743, 0.3423380556459051], [0.28065916036934846, 0.20514457666598415, 0.5141962629646674], [0.30305232596529713, 0.316464562536903, 0.3804831114977999], [0.26915513214868125, 0.42073839174183064, 0.31010647610948816], [0.23529924132812013, 0.5343621699378858, 0.230338588733994], [0.2537453257446614, 0.5000068162826014, 0.2462478579727372], [0.27509970006897305, 0.4555652258776465, 0.26933507405338064], [0.29672305099922874, 0.39193264592532007, 0.3113443030754512], [0.22830139278524178, 0.561497453103045, 0.21020115411171322], [0.22963906454875943, 0.5703426383028751, 0.20001829714836541], [0.2691436523065018, 0.5031647275186251, 0.2276916201748731], [0.26343117280307854, 0.49184524845363015, 0.24472357874329131], [0.2844515852607847, 0.41708946283170906, 0.29845895190750626], [0.2863922129628613, 0.2811085514544362, 0.4324992355827025], [0.2912165546590385, 0.4157669343448069, 0.29301651099615467], [0.26724194518601513, 0.5279683901721587, 0.20478966464182619], [0.2974348356543488, 0.4083295951238034, 0.2942355692218478], [0.3023946340667959, 0.3899759886819495, 0.30762937725125467], [0.17823024480678287, 0.6214710791881327, 0.20029867600508433], [0.22968029149968233, 0.45702997716414684, 0.31328973133617083], [0.197789272394623, 0.6115992873123913, 0.19061144029298566], [0.2178301096221528, 0.6084265517150413, 0.17374333866280584], [0.26269680770250736, 0.5190013101648059, 0.21830188213268673], [0.2645093043622366, 0.4898755990128365, 0.24561509662492684], [0.25181192143492825, 0.4513762273746587, 0.29681185119041303], [0.22089963972966767, 0.5809651795815738, 0.19813518068875857], [0.23556606084212384, 0.577796003095471, 0.18663793606240525], [0.2578020671416129, 0.5209128416668118, 0.22128509119157524], [0.2239477305662308, 0.6008279849205582, 0.17522428451321106], [0.27356586165388996, 0.5105148044757744, 0.21591933387033563], [0.25298497898056893, 0.570388652610652, 0.17662636840877902], [0.24383757538547418, 0.6042942413067864, 0.15186818330773935], [0.23438450653336074, 0.6271238476231717, 0.1384916458434676], [0.24946146561504845, 0.5976650583658679, 0.15287347601908363], [0.285876290242293, 0.5477332803472584, 0.16639042941044857], [0.22009936349100076, 0.6589752004759083, 0.12092543603309085], [0.21899164257389728, 0.6375406024682706, 0.14346775495783215], [0.2540109269500352, 0.5916529502349469, 0.15433612281501793], [0.2554378972876205, 0.5241419553955211, 0.2204201473168583], [0.21300635603577797, 0.639567980500861, 0.14742566346336092], [0.2430955285485145, 0.5962061092713365, 0.16069836218014896], [0.2790673824002038, 0.5485701052112085, 0.17236251238858769], [0.2295690373539729, 0.6468578386636504, 0.1235731239823767], [0.20062025603270833, 0.6819371063280588, 0.11744263763923285], [0.20878849130837993, 0.6664484458857084, 0.12476306280591173], [0.2543061641787736, 0.5790997286968915, 0.1665941071243348], [0.28682762188070593, 0.4956618018513013, 0.2175105762679927], [0.30439684139264955, 0.43996217940495264, 0.2556409792023978], [0.33507002966422333, 0.3714544320582183, 0.2934755382775584], [0.2335861376873545, 0.5873694935075824, 0.1790443688050632], [0.2269304466951836, 0.6287325967894672, 0.14433695651534906], [0.18421350789957205, 0.6974976662003971, 0.11828882590003088], [0.1694046270419446, 0.702659077655027, 0.12793629530302844], [0.16590297954750283, 0.7065656178683065, 0.1275314025841907], [0.17118948127774897, 0.7047767313827108, 0.12403378733954033], [0.18455971475806593, 0.6397301240963363, 0.17571016114559768], [0.16023785469875454, 0.7138271376839284, 0.12593500761731696], [0.17405011082968036, 0.7006132057905318, 0.12533668337978782], [0.17567517340354882, 0.7081203289010763, 0.11620449769537475], [0.16022557378909627, 0.7219968801868932, 0.11777754602401053], [0.15547552419152472, 0.734723961501762, 0.10980051430671334], [0.15961664479405885, 0.7284689926229588, 0.11191436258298229], [0.17131910918880403, 0.7180646957482238, 0.11061619506297206], [0.1930809255061318, 0.5966793809784998, 0.21023969351536834], [0.1875641484177299, 0.6314330053258094, 0.1810028462564607], [0.19973799899050892, 0.6378229820619719, 0.1624390189475191], [0.23376514631312073, 0.5260847129289075, 0.24015014075797178], [0.2007822696491684, 0.662024354446162, 0.13719337590466968], [0.18885683107383608, 0.6806949062396089, 0.13044826268655502], [0.20156768353380025, 0.6535157018467683, 0.1449166146194315], [0.21550498722696906, 0.6428637026827768, 0.1416313100902541], [0.25756529295127567, 0.5413386082785341, 0.20109609877019033], [0.21564771621323012, 0.6373851164938968, 0.14696716729287304], [0.21863003472585904, 0.6463547917134806, 0.13501517356066028], [0.24929128811766196, 0.5336181135143976, 0.2170905983679405], [0.24097990144592704, 0.5634590256601734, 0.1955610728938996], [0.2640502715987998, 0.49838146378796166, 0.2375682646132385], [0.2473766080912874, 0.4743463685574841, 0.2782770233512284], [0.2734402101267467, 0.4717987141561431, 0.25476107571711015], [0.21588033500556855, 0.5971505161375834, 0.186969148856848], [0.2075415756134027, 0.6096266495037463, 0.18283177488285096], [0.20628142816928433, 0.6232502363880434, 0.17046833544267218], [0.2554839408562495, 0.5153248920398259, 0.22919116710392462], [0.22889861922305457, 0.5273748710852177, 0.24372650969172766], [0.19592149825521943, 0.6238601713294448, 0.1802183304153357], [0.17435023155471685, 0.6644788615498693, 0.16117090689541388], [0.2303448500444817, 0.570561464022998, 0.19909368593252022], [0.225767009583586, 0.5656899000806722, 0.20854309033574175], [0.24014151780323417, 0.46064098475043225, 0.2992174974463337], [0.2540759908694677, 0.4227146053428959, 0.32320940378763646], [0.25103587071191785, 0.37606521183179764, 0.37289891745628456], [0.25633491324151975, 0.44637263728769727, 0.2972924494707829], [0.23825832370437863, 0.5319480518343797, 0.2297936244612417], [0.25317167290469356, 0.5045058470321319, 0.2423224800631747], [0.21475152035789213, 0.5634445675518214, 0.22180391209028652], [0.25532873024121305, 0.5200801092334367, 0.22459116052535016], [0.20652789582545902, 0.6015101409366607, 0.19196196323788034], [0.25046341515366993, 0.5130237444758393, 0.23651284037049064], [0.19937418774299417, 0.5945813376936048, 0.2060444745634011], [0.19067049904925784, 0.6268882904841355, 0.18244121046660675], [0.23443197768358062, 0.5535092597057926, 0.21205876261062678], [0.2172500938020248, 0.5629717378698593, 0.21977816832811578], [0.20549476049386, 0.6024462982723051, 0.1920589412338348], [0.20506538571077876, 0.6078582693783431, 0.18707634491087816], [0.21581323943741906, 0.5880477733831335, 0.19613898717944733], [0.2248446888737141, 0.5569824397834376, 0.21817287134284832], [0.22842768839376465, 0.5341684679536424, 0.2374038436525929], [0.19531693949572693, 0.6114179327075245, 0.19326512779674854], [0.17149896251330013, 0.6456221301310162, 0.18287890735568368], [0.178822665305427, 0.6551631456911743, 0.16601418900339862], [0.19951467641787132, 0.6227543365901531, 0.17773098699197548], [0.22129675386205813, 0.5871273160278127, 0.19157593011012913], [0.17581608760806935, 0.6670188972682793, 0.15716501512365139], [0.1969865501008536, 0.6238535970063317, 0.17915985289281475], [0.1910478341529008, 0.6411834762320191, 0.16776868961508004], [0.20276195662801266, 0.6198386839823111, 0.17739935938967627], [0.2551662428826922, 0.5172704717081428, 0.2275632854091651], [0.15069438587734468, 0.6294864024531038, 0.21981921166955143], [0.22561056430100518, 0.5767957505873962, 0.1975936851115986], [0.26674562409634867, 0.5166676748810354, 0.21658670102261587], [0.25750749345463375, 0.5143468443790529, 0.22814566216631355], [0.22698983629140765, 0.5804660500351272, 0.19254411367346508], [0.216355471742586, 0.5903974542977664, 0.19324707395964755], [0.23425758958726986, 0.5703149446203448, 0.19542746579238537], [0.18513776040584587, 0.638386607364253, 0.17647563222990129], [0.1940298768190576, 0.6301410861417728, 0.17582903703916963], [0.2676152954174415, 0.5099134656094549, 0.22247123897310347], [0.2132133041487915, 0.14449889919046557, 0.6422877966607429], [0.27496384289332065, 0.4655230701115672, 0.2595130869951123], [0.2062151742000403, 0.6000889285110785, 0.19369589728888115], [0.21108607680823693, 0.6435070895804288, 0.14540683361133427], [0.21078974478235313, 0.6242658639536908, 0.16494439126395613], [0.2524581197918027, 0.5472968840039539, 0.20024499620424335], [0.17774276767688998, 0.40472070450549946, 0.4175365278176105], [0.19912025865108104, 0.43446174145916083, 0.36641799988975804], [0.1920823466215003, 0.6442745827847066, 0.16364307059379316], [0.19372609431660434, 0.5814275140127949, 0.22484639167060064], [0.16610622292519617, 0.6769432689143878, 0.15695050816041595], [0.16323774135358046, 0.6886882922834083, 0.1480739663630112], [0.18032984643507338, 0.671421709644317, 0.1482484439206096], [0.14096059189581644, 0.7312352176692367, 0.1278041904349469], [0.15396532559106246, 0.7103593383124189, 0.13567533609651855], [0.15654058171640162, 0.7045198539984583, 0.13893956428514015], [0.16860342814588636, 0.674451018701582, 0.1569455531525317], [0.20491399387351902, 0.6033753452584589, 0.19171066086802208], [0.19042711159926376, 0.6283847759312292, 0.181188112469507], [0.19644850290760224, 0.6363148217766429, 0.1672366753157548], [0.17308202380401583, 0.6917047526761505, 0.13521322351983373], [0.19828699654077234, 0.6338421857948855, 0.16787081766434211], [0.15718629116160285, 0.7071152652691403, 0.13569844356925678], [0.18428022507674982, 0.6532002641173534, 0.1625195108058968], [0.18837726215377606, 0.6533755730648628, 0.15824716478136128], [0.20334687132035859, 0.6418681001558312, 0.15478502852381024], [0.17706280561765725, 0.6730708467494211, 0.14986634763292156], [0.122113563178565, 0.7650548178155565, 0.11283161900587846], [0.12433564393742547, 0.7600896866329078, 0.11557466942966689], [0.12591127290925347, 0.7590586375178474, 0.11503008957289909], [0.11633434268668184, 0.7828940145061458, 0.10077164280717249], [0.1594817316574339, 0.735766083410939, 0.1047521849316271], [0.20015282925255506, 0.647700791832203, 0.15214637891524196], [0.2272970723942722, 0.6013154664537587, 0.17138746115196918], [0.13103345630906643, 0.7572311659988754, 0.11173537769205813], [0.13431699967019287, 0.7465570101345843, 0.11912599019522302], [0.15225025568060327, 0.7130097887599152, 0.13473995555948157], [0.15062529212092488, 0.7208894162645214, 0.1284852916145537], [0.15276947569976082, 0.7217336264823198, 0.12549689781791937], [0.172281945024856, 0.7092023600525474, 0.11851569492259653], [0.20783272266190475, 0.6354499376164694, 0.15671733972162585], [0.1642072354733463, 0.6912590917736079, 0.14453367275304582], [0.13243412386027517, 0.7515104709852386, 0.1160554051544863], [0.13674256316389163, 0.7447856277623128, 0.11847180907379555], [0.1629427142387194, 0.6861761063670802, 0.15088117939420045], [0.15066330744170017, 0.7210592367022288, 0.12827745585607103], [0.17560939506292225, 0.6954434810671861, 0.12894712386989168], [0.19759731559172108, 0.6582565774074608, 0.144146107000818], [0.14799124299863906, 0.6978917302468289, 0.15411702675453182], [0.17246291299874617, 0.6334462661277395, 0.19409082087351437], [0.14830609397214534, 0.7088599191114546, 0.14283398691640004], [0.1598135720503092, 0.6825262527430744, 0.1576601752066165], [0.1783461973008541, 0.6483718565473894, 0.1732819461517565], [0.18880569788739154, 0.6413978825220776, 0.1697964195905307], [0.20052666238794734, 0.6227255052623653, 0.17674783234968736], [0.1520921888976266, 0.6916812493403656, 0.15622656176200786], [0.17736234527380013, 0.6459287141824022, 0.1767089405437977], [0.20900276587456512, 0.6026871250190174, 0.18831010910641743], [0.22605685713947393, 0.49314373156891905, 0.280799411291607], [0.23985450138038686, 0.3765746647011747, 0.3835708339184384], [0.2282835862642209, 0.3249915246399451, 0.44672488909583397], [0.22264579866659237, 0.4777326737547383, 0.2996215275786694], [0.22722395784792357, 0.4702172345801397, 0.30255880757193665], [0.2070340706743273, 0.4882824096914676, 0.30468351963420504], [0.17180668861939016, 0.5557868186147019, 0.27240649276590784], [0.17906349375822875, 0.5171103002558379, 0.3038262059859333], [0.23111110114281397, 0.41731512176382, 0.3515737770933661], [0.24017284814919426, 0.4356849391229074, 0.32414221272789834], [0.20999245047608464, 0.4281928321993827, 0.36181471732453263], [0.23002053513782408, 0.3348087632717939, 0.43517070159038207], [0.2294058701260502, 0.2877808160827454, 0.48281331379120435], [0.23856575188991871, 0.28009735027495725, 0.4813368978351241], [0.23209363625153945, 0.28148594453741255, 0.4864204192110481], [0.23476108867232956, 0.2660156963952396, 0.4992232149324309], [0.20134384869796315, 0.3867631688665319, 0.41189298243550493], [0.27703085717637416, 0.27309900077106664, 0.4498701420525593], [0.3089927783458024, 0.21507244279206453, 0.4759347788621332], [0.3129043603052008, 0.20960729542433545, 0.4774883442704638], [0.22481080896450842, 0.25760647958777355, 0.517582711447718], [0.2597831006017735, 0.2855158977553705, 0.45470100164285593], [0.2932147944937166, 0.3040383319567654, 0.40274687354951805], [0.35909747384086627, 0.32995787657860476, 0.310944649580529], [0.3072781629170214, 0.36819492086079797, 0.3245269162221806], [0.31886931086229814, 0.37999272591620786, 0.301137963221494], [0.31434695518681, 0.2780952451550683, 0.4075577996581217], [0.25516699484784444, 0.4255116452029915, 0.31932135994916416], [0.2635828515430692, 0.5322432536610685, 0.2041738947958623], [0.27769693898092296, 0.4902038898302134, 0.23209917118886364], [0.3059292758898832, 0.45812282731590726, 0.2359478967942094], [0.23974734046897972, 0.4893162299823944, 0.270936429548626], [0.2760942592794982, 0.4868866183663437, 0.23701912235415806], [0.26602003992331, 0.5056202270885165, 0.2283597329881734], [0.2821943104372668, 0.4594842528968255, 0.25832143666590784], [0.26294300894243317, 0.5201060915691332, 0.21695089948843368], [0.22196007898163228, 0.5633633620448618, 0.214676558973506], [0.24509984646864497, 0.549903605073702, 0.20499654845765305], [0.2183004583942851, 0.5867493123505655, 0.19495022925514935], [0.25797175785908516, 0.522430091794392, 0.21959815034652283], [0.2643533209903419, 0.42743077844088984, 0.30821590056876824], [0.2657844934964673, 0.37903069960931884, 0.35518480689421383], [0.22409382618798265, 0.5544641394630622, 0.2214420343489552], [0.24236311106043001, 0.5252769598748894, 0.2323599290646805], [0.2533974963652941, 0.5157816539996085, 0.23082084963509744], [0.205109017125917, 0.5638493436141319, 0.2310416392599512], [0.30823109491767525, 0.3655344856262365, 0.32623441945608816], [0.22026240630068095, 0.5166338633941367, 0.2631037303051822], [0.2326904276762719, 0.5458020427583208, 0.2215075295654074], [0.25552969358543637, 0.5259548235221997, 0.21851548289236403], [0.26201961084087716, 0.514196369828805, 0.22378401933031786], [0.2825319501886122, 0.49767742248106706, 0.21979062733032084], [0.2593771344181326, 0.5000189386019823, 0.2406039269798851], [0.26531240851264853, 0.4779045780406498, 0.25678301344670157], [0.2787589032443567, 0.46350197368192547, 0.2577391230737178], [0.25741735054737247, 0.4692490085797594, 0.2733336408728681], [0.2686201637664928, 0.44209532466543916, 0.28928451156806806], [0.2999230415784773, 0.42242223091512565, 0.2776547275063969], [0.24896479786947595, 0.5044447445284179, 0.2465904576021061], [0.33816379021672355, 0.416531736530986, 0.2453044732522905], [0.25921897631429625, 0.4878149367440901, 0.25296608694161365], [0.29808574432377255, 0.42798259817066586, 0.27393165750556153], [0.25437743013316005, 0.5161022682663049, 0.22952030160053513], [0.256414981045078, 0.514481431517264, 0.22910358743765802], [0.27562455507816963, 0.5005558077816175, 0.22381963714021283], [0.28773819301276765, 0.4597036462884636, 0.25255816069876885], [0.2276770287270803, 0.5420307160665793, 0.23029225520634053], [0.2034660473405738, 0.6347323745782599, 0.1618015780811664], [0.20651779506095963, 0.6368609832097164, 0.1566212217293238], [0.25292066439666494, 0.5428618931105959, 0.20421744249273918], [0.23602035482948247, 0.5751632193803988, 0.18881642579011873], [0.2863442525630137, 0.5168905328197605, 0.19676521461722574], [0.17937385432679995, 0.6036771887360817, 0.21694895693711846], [0.2298538985105978, 0.5937418664834169, 0.1764042350059854], [0.2749833097428472, 0.5044927301806974, 0.22052396007645542], [0.2658858926595236, 0.517196328755647, 0.21691777858482947], [0.2434161162022885, 0.5594148133379573, 0.19716907045975426], [0.23619614569518052, 0.5910031181376534, 0.17280073616716599], [0.1728897173675801, 0.7052687631249622, 0.12184151950745772], [0.16741253751270047, 0.707128266866515, 0.12545919562078459], [0.16818071609480575, 0.7097897399086258, 0.12202954399656839], [0.19024581268447413, 0.6663009282625034, 0.14345325905302236], [0.17809881152115337, 0.6708547900073667, 0.15104639847148002], [0.2028153019508935, 0.6167066059311793, 0.18047809211792723], [0.18965863098988386, 0.6600202493730474, 0.15032111963706862], [0.21479058898191863, 0.6065379461984279, 0.17867146481965346], [0.2256448095648065, 0.582350075434704, 0.19200511500048956], [0.2083364735006752, 0.6135163639171419, 0.1781471625821829], [0.2458581591369217, 0.5355932058130827, 0.21854863504999572], [0.21126283779406377, 0.5751961873888941, 0.21354097481704204], [0.2204809336563074, 0.5763336089435009, 0.20318545740019164], [0.2522613139788622, 0.5456835531291435, 0.2020551328919943], [0.20999435645504547, 0.21694498775872548, 0.5730606557862291], [0.28184284606384535, 0.40591995631504635, 0.3122371976211083], [0.23912053009207593, 0.5124306752389588, 0.24844879466896527], [0.2626098423179494, 0.443899946679931, 0.29349021100211964], [0.24134446037505414, 0.48044671344083884, 0.2782088261841072], [0.27239556487043076, 0.43341089740558064, 0.29419353772398854], [0.265561856604337, 0.41707858204871756, 0.3173595613469453], [0.18826092916694373, 0.5680135791687095, 0.24372549166434662], [0.23306908653728073, 0.5015257505964412, 0.2654051628662781], [0.22795606462158644, 0.5061574121202487, 0.26588652325816486], [0.19659828196811452, 0.5696907613794576, 0.2337109566524279], [0.22593179732765223, 0.5454237053920266, 0.22864449728032124], [0.2511679317882312, 0.510015936557996, 0.23881613165377266], [0.2014949298849022, 0.6073444205941669, 0.1911606495209308], [0.16159643714807906, 0.6810180995475145, 0.15738546330440645], [0.21431818055896934, 0.5965489890867982, 0.18913283035423248], [0.1917798882597267, 0.6106235606388628, 0.1975965511014105], [0.22589264377231055, 0.596953939930404, 0.17715341629728532], [0.20594182986245171, 0.6132744760701384, 0.1807836940674098], [0.214261162156772, 0.5682315028614435, 0.21750733498178443], [0.1910955220313209, 0.6238302670083132, 0.18507421096036583], [0.20698148668663646, 0.5632006896426096, 0.22981782367075393], [0.1922786178374186, 0.6272796570205529, 0.18044172514202853], [0.1667258017195346, 0.6665026910158568, 0.16677150726460868], [0.13985014987469133, 0.7209058017343869, 0.1392440483909218], [0.14806508683346994, 0.6934295313330365, 0.15850538183349347], [0.15663005379617914, 0.6895828192247464, 0.1537871269790745], [0.12824616084654833, 0.7321789449253502, 0.1395748942281015], [0.21427774906476652, 0.5191441882649838, 0.2665780626702497], [0.21750027647810719, 0.4994897575404702, 0.28300996598142264], [0.2250922646205258, 0.5307200774444719, 0.24418765793500213], [0.1799044640832489, 0.6472268500649916, 0.1728686858517596], [0.19780435950039915, 0.5820592621551676, 0.2201363783444332], [0.19327172099074016, 0.6236178462557468, 0.18311043275351313], [0.17219221834124931, 0.691048483706845, 0.13675929795190567], [0.19348449350560792, 0.6194401228678189, 0.18707538362657325], [0.1537098919538045, 0.7139657575426783, 0.13232435050351707], [0.18579452103271732, 0.660808452257686, 0.15339702670959654], [0.2007083442343872, 0.6212555134218897, 0.1780361423437231], [0.12282608111385618, 0.7671762979350283, 0.1099976209511155], [0.14010786654626234, 0.7469755406755729, 0.11291659277816489], [0.13847168295716283, 0.757415425838313, 0.10411289120452401], [0.1561865929755153, 0.7339867267145115, 0.1098266803099733], [0.164488274777658, 0.7108000103735912, 0.12471171484875078], [0.1443606862718044, 0.7448314306209763, 0.1108078831072193], [0.16486658505476812, 0.7199177497119189, 0.11521566523331295], [0.2173891511303961, 0.660721238975143, 0.12188960989446085], [0.1738088555293567, 0.7212564196076654, 0.10493472486297792], [0.2045385243709047, 0.6879898458902561, 0.10747162973883932], [0.21916104252995622, 0.6697230957123225, 0.1111158617577213], [0.1998719273069734, 0.6873090622661442, 0.11281901042688244], [0.19022532754052843, 0.7051391447262816, 0.10463552773318995], [0.16115879332389396, 0.7438406242060539, 0.09500058247005207], [0.1425738607063952, 0.7637949158898202, 0.09363122340378459], [0.144436232064628, 0.7632634981925759, 0.092300269742796], [0.1385428022572982, 0.7699309913968768, 0.0915262063458249], [0.17636847079240328, 0.7138759159686628, 0.10975561323893386], [0.1665969825654375, 0.7329909468396287, 0.10041207059493376], [0.1369331416351708, 0.7677527501578819, 0.09531410820694733], [0.13749975570484513, 0.7748778059559837, 0.08762243833917123], [0.1286242415151293, 0.7762554942219118, 0.09512026426295894], [0.12480154351785533, 0.7758505677904802, 0.09934788869166446], [0.1683788735285888, 0.7167293931802529, 0.11489173329115837], [0.10393736571194154, 0.8293502400681888, 0.06671239421986959], [0.1094976837269193, 0.8172836639861538, 0.0732186522869269], [0.10481141881714882, 0.8123646642693444, 0.08282391691350668], [0.13488842174714896, 0.78396058318597, 0.08115099506688107], [0.13222071370234892, 0.7740891984452926, 0.09369008785235855], [0.12351624791478112, 0.7754630858547576, 0.10102066623046128], [0.11540189877850028, 0.7916743078953505, 0.09292379332614933], [0.13169678680111585, 0.7665978602729692, 0.10170535292591494], [0.17874780963488654, 0.6950304402078595, 0.12622175015725393], [0.16183691580947876, 0.7200882588739431, 0.11807482531657815], [0.1691351775093097, 0.7148388635041135, 0.11602595898657678], [0.08735837729197089, 0.8416944992364747, 0.07094712347155432], [0.09694810873785563, 0.823844506441755, 0.07920738482038944], [0.11007054053061494, 0.8100970635342203, 0.0798323959351647], [0.08621640415100107, 0.8471120946911552, 0.06667150115784387], [0.07897380842274693, 0.849678476611469, 0.07134771496578401], [0.0863167113660338, 0.8369144484885341, 0.07676884014543195], [0.0835852590860584, 0.8383483047093666, 0.07806643620457496], [0.08566292971455473, 0.8471171829592011, 0.06721988732624412], [0.07364439805796157, 0.8652659302308797, 0.061089671711158686], [0.07395901400017751, 0.8628394493146245, 0.06320153668519801], [0.07738828167081638, 0.8584979050013597, 0.06411381332782401], [0.08195936705807366, 0.8415881129115639, 0.07645252003036257], [0.08691958965209723, 0.8352790663261673, 0.07780134402173551], [0.1001470497521638, 0.8231230278673561, 0.07672992238048013], [0.11272267981463313, 0.7986978232986518, 0.08857949688671506], [0.07585024727514268, 0.853498623654231, 0.07065112907062626], [0.08276568809756406, 0.8361436823608019, 0.08109062954163412], [0.08773084190587861, 0.8328433148630776, 0.07942584323104379], [0.09132546749010548, 0.8143751859887027, 0.09429934652119168], [0.07004085930874479, 0.8565487481691744, 0.07341039252208094], [0.09902863631407455, 0.8216150420134127, 0.07935632167251261], [0.11584182859235306, 0.7925616848881332, 0.09159648651951384], [0.13074739375455202, 0.747076568851299, 0.12217603739414895], [0.14288848527004908, 0.7384959940454798, 0.11861552068447105], [0.11655758092308464, 0.7723152860000985, 0.1111271330768168], [0.13729097760179823, 0.7390284971241937, 0.12368052527400811], [0.13466198268660703, 0.7448252012012013, 0.12051281611219156], [0.16934684990726026, 0.7009212343770982, 0.12973191571564144], [0.19749410216191732, 0.6339285727749979, 0.16857732506308484], [0.09525555982461457, 0.8206221023808271, 0.08412233779455837], [0.13332529231009635, 0.768597984231579, 0.09807672345832465], [0.15731918841550593, 0.7262730576594668, 0.11640775392502724], [0.13121674455256424, 0.7594325098152329, 0.10935074563220282], [0.214341853703119, 0.6225295199736326, 0.16312862632324848], [0.12718689975449127, 0.7993791919762409, 0.0734339082692678], [0.15200636041719298, 0.7521340010365383, 0.09585963854626876], [0.1218017484521336, 0.7889811520994287, 0.08921709944843775], [0.1362372307604943, 0.7671026091516933, 0.09666016008781235], [0.13522048094080077, 0.764669855315777, 0.10010966374342213], [0.13477181142407085, 0.7671325711902883, 0.09809561738564086], [0.17311582077208496, 0.7130829133754315, 0.11380126585248346], [0.17319653130030907, 0.7066738582773048, 0.12012961042238617], [0.10764942096004751, 0.8106154263450006, 0.08173515269495178], [0.12541745553285275, 0.7854290001332659, 0.08915354433388152], [0.12258153456180167, 0.7911238056507323, 0.0862946597874661], [0.11014207251906952, 0.8082432376957313, 0.08161468978519908], [0.11325502531727727, 0.7989736757911582, 0.08777129889156453], [0.1233745511144275, 0.7703761674323222, 0.10624928145325027], [0.12971913165663151, 0.7775542976630764, 0.09272657068029204], [0.13363416985213683, 0.7747070424347378, 0.09165878771312543], [0.16033756445096578, 0.7364402230987059, 0.1032222124503283], [0.10178509237715325, 0.8111845915088819, 0.08703031611396474], [0.10989177514793597, 0.798680128632718, 0.09142809621934601], [0.11605153612729813, 0.7773963567842372, 0.10655210708846459], [0.15627681513931765, 0.7247685899548575, 0.11895459490582483], [0.13824296279165169, 0.7488245492400515, 0.1129324879682968], [0.11865121489668237, 0.789040837824884, 0.09230794727843371], [0.12454400978840562, 0.7712521846361534, 0.10420380557544107], [0.13200488420095297, 0.7435668608440968, 0.12442825495495013], [0.14605828505927013, 0.7255042428549108, 0.128437472085819], [0.16103828653431307, 0.6865919300410435, 0.15236978342464352], [0.17345487491909345, 0.6612269550800827, 0.1653181700008238], [0.2220154576797815, 0.5705864255405337, 0.2073981167796847], [0.1836777233752391, 0.6514914329449354, 0.16483084367982553], [0.1875336529550584, 0.6288213925125097, 0.18364495453243185], [0.19459491282539154, 0.6157139032067558, 0.18969118396785267], [0.2283556222680595, 0.5540772296671347, 0.2175671480648058], [0.20690046563672324, 0.5720130851016935, 0.22108644926158338], [0.2613698509983546, 0.4880264320729941, 0.2506037169286513], [0.3164829285589219, 0.3896112569497584, 0.2939058144913196], [0.1890105418638616, 0.6353442079711273, 0.17564525016501104], [0.2228861891145846, 0.5810098546715059, 0.19610395621390958], [0.22281495693534767, 0.582286858441465, 0.1948981846231873], [0.22762288228057118, 0.5441192498288432, 0.22825786789058555], [0.277